&HEADER
 LAT=  12.560000000000000     ,
 LON=  19.690000000000001     ,
 NMTEST=          1,
 IGND=          3,
 ICAN=          4,
 ICC=          9,
 /
